$ 1 0.01 5.934295036739208 86 5 43
w 80 -64 80 80 0
c 400 80 320 80 0 0.000009999999999999999 0.7692333666883969 0
a 160 160 240 160 8 15 -15 1000000 0.000006325820735535976 0 100000
a 320 160 400 160 8 15 -15 1000000 -0.000007692270762240162 0 100000
r 80 80 160 80 0 1000000
w 160 80 160 144 0
r 160 80 240 80 0 1000000
w 240 80 240 160 0
r 240 80 320 80 0 1000000
r 400 80 480 80 0 1000000
c 560 80 480 80 0 0.000009999999999999999 0.6326010511409544 0
a 480 160 560 160 8 15 -15 1000000 -0.000006325945885514678 0 100000
w 80 -64 624 -64 0
R 160 176 160 208 0 0 40 0 0 0 0.5
R 320 176 320 208 0 0 40 0 0 0 0.5
R 480 176 480 208 0 0 40 0 0 0 0.5
403 144 -48 256 48 0 6_64_0_4099_1.25_0.00009765625_0_2_6_3_Invertor\sresistor
403 304 -48 416 48 0 1_64_0_4099_1.25_0.00009765625_0_2_1_3_Integrator\sA\scap
403 464 -48 576 48 0 10_64_0_4099_1.25_0.00009765625_0_2_10_3_Integrator\sB\scap
R 336 256 304 256 0 0 40 1 0 0 0.5
r 400 80 400 144 0 1
R 496 256 464 256 0 0 40 0 0 0 0.5
w 320 80 320 144 0
w 480 80 480 144 0
w 400 160 400 144 0
r 560 80 560 144 0 1
w 560 144 560 160 0
w 400 160 400 240 0
w 560 160 560 240 0
S 336 256 400 256 0 1 false 1 2
S 496 256 560 256 0 1 false 1 2
w 560 80 624 80 0
w 624 80 624 -64 0
38 1 0 0.000001 0.000101 Capacitance
